{
  "nbformat": 4,
  "nbformat_minor": 0,
  "metadata": {
    "colab": {
      "provenance": []
    },
    "kernelspec": {
      "name": "python3",
      "display_name": "Python 3"
    },
    "language_info": {
      "name": "python"
    }
  },
  "cells": [
    {
      "cell_type": "markdown",
      "source": [
        "Por: Nestor Andres Tabares David y Sofia Isabella Endara Chitiva"
      ],
      "metadata": {
        "id": "HPfOA3h0ctUd"
      }
    },
    {
      "cell_type": "markdown",
      "source": [
        "# Importación de las librerías"
      ],
      "metadata": {
        "id": "a2Wa65N4qJlb"
      }
    },
    {
      "cell_type": "code",
      "execution_count": 1,
      "metadata": {
        "id": "zlSvDWlyjObe"
      },
      "outputs": [],
      "source": [
        "import pandas as pd\n",
        "import numpy as np\n",
        "import matplotlib.pyplot as plt\n",
        "import seaborn as sns\n",
        "\n",
        "from sklearn.metrics import confusion_matrix\n",
        "from sklearn.metrics import classification_report\n",
        "from sklearn.model_selection import train_test_split\n",
        "from sklearn.linear_model import LogisticRegression\n",
        "from sklearn.decomposition import PCA\n",
        "from sklearn.tree import DecisionTreeClassifier\n",
        "\n",
        "from pylab import rcParams\n",
        "\n",
        "from imblearn.under_sampling import NearMiss\n",
        "from imblearn.over_sampling import RandomOverSampler\n",
        "from imblearn.combine import SMOTETomek\n",
        "from imblearn.ensemble import BalancedBaggingClassifier\n",
        "\n",
        "from collections import Counter\n",
        "\n",
        "#set up graphic style in this case I am using the color scheme from xkcd.com\n",
        "rcParams['figure.figsize'] = 14, 8.7 # Golden Mean\n",
        "LABELS = [\"Normal\",\"Fraud\"]\n",
        "#col_list = [\"cerulean\",\"scarlet\"]# https://xkcd.com/color/rgb/\n",
        "#sns.set(style='white', font_scale=1.75, palette=sns.xkcd_palette(col_list))\n",
        "\n",
        "%matplotlib inline"
      ]
    },
    {
      "cell_type": "markdown",
      "source": [
        "# Se importa la base de datos"
      ],
      "metadata": {
        "id": "zJa_c9chqBLO"
      }
    },
    {
      "cell_type": "code",
      "source": [
        "from google.colab import drive\n",
        "drive.mount('/content/drive')"
      ],
      "metadata": {
        "id": "QceZ2Q-ikx2Z",
        "colab": {
          "base_uri": "https://localhost:8080/"
        },
        "outputId": "7ae68e79-4be4-4db4-9e79-f9b12bc64824"
      },
      "execution_count": 2,
      "outputs": [
        {
          "output_type": "stream",
          "name": "stdout",
          "text": [
            "Drive already mounted at /content/drive; to attempt to forcibly remount, call drive.mount(\"/content/drive\", force_remount=True).\n"
          ]
        }
      ]
    },
    {
      "cell_type": "code",
      "source": [
        "df = pd.read_csv('/content/drive/MyDrive/creditcard.csv',sep=',')\n",
        "df.head()"
      ],
      "metadata": {
        "id": "9UYo-ba2lgFX",
        "colab": {
          "base_uri": "https://localhost:8080/",
          "height": 256
        },
        "outputId": "1cb759cf-ee2f-45d3-cdad-a61300aeb042"
      },
      "execution_count": 3,
      "outputs": [
        {
          "output_type": "execute_result",
          "data": {
            "text/plain": [
              "   Time        V1        V2        V3        V4        V5        V6        V7  \\\n",
              "0   0.0 -1.359807 -0.072781  2.536347  1.378155 -0.338321  0.462388  0.239599   \n",
              "1   0.0  1.191857  0.266151  0.166480  0.448154  0.060018 -0.082361 -0.078803   \n",
              "2   1.0 -1.358354 -1.340163  1.773209  0.379780 -0.503198  1.800499  0.791461   \n",
              "3   1.0 -0.966272 -0.185226  1.792993 -0.863291 -0.010309  1.247203  0.237609   \n",
              "4   2.0 -1.158233  0.877737  1.548718  0.403034 -0.407193  0.095921  0.592941   \n",
              "\n",
              "         V8        V9  ...       V21       V22       V23       V24       V25  \\\n",
              "0  0.098698  0.363787  ... -0.018307  0.277838 -0.110474  0.066928  0.128539   \n",
              "1  0.085102 -0.255425  ... -0.225775 -0.638672  0.101288 -0.339846  0.167170   \n",
              "2  0.247676 -1.514654  ...  0.247998  0.771679  0.909412 -0.689281 -0.327642   \n",
              "3  0.377436 -1.387024  ... -0.108300  0.005274 -0.190321 -1.175575  0.647376   \n",
              "4 -0.270533  0.817739  ... -0.009431  0.798278 -0.137458  0.141267 -0.206010   \n",
              "\n",
              "        V26       V27       V28  Amount  Class  \n",
              "0 -0.189115  0.133558 -0.021053  149.62      0  \n",
              "1  0.125895 -0.008983  0.014724    2.69      0  \n",
              "2 -0.139097 -0.055353 -0.059752  378.66      0  \n",
              "3 -0.221929  0.062723  0.061458  123.50      0  \n",
              "4  0.502292  0.219422  0.215153   69.99      0  \n",
              "\n",
              "[5 rows x 31 columns]"
            ],
            "text/html": [
              "\n",
              "  <div id=\"df-51f58655-ab71-4e9c-9982-35a1bf9a7064\" class=\"colab-df-container\">\n",
              "    <div>\n",
              "<style scoped>\n",
              "    .dataframe tbody tr th:only-of-type {\n",
              "        vertical-align: middle;\n",
              "    }\n",
              "\n",
              "    .dataframe tbody tr th {\n",
              "        vertical-align: top;\n",
              "    }\n",
              "\n",
              "    .dataframe thead th {\n",
              "        text-align: right;\n",
              "    }\n",
              "</style>\n",
              "<table border=\"1\" class=\"dataframe\">\n",
              "  <thead>\n",
              "    <tr style=\"text-align: right;\">\n",
              "      <th></th>\n",
              "      <th>Time</th>\n",
              "      <th>V1</th>\n",
              "      <th>V2</th>\n",
              "      <th>V3</th>\n",
              "      <th>V4</th>\n",
              "      <th>V5</th>\n",
              "      <th>V6</th>\n",
              "      <th>V7</th>\n",
              "      <th>V8</th>\n",
              "      <th>V9</th>\n",
              "      <th>...</th>\n",
              "      <th>V21</th>\n",
              "      <th>V22</th>\n",
              "      <th>V23</th>\n",
              "      <th>V24</th>\n",
              "      <th>V25</th>\n",
              "      <th>V26</th>\n",
              "      <th>V27</th>\n",
              "      <th>V28</th>\n",
              "      <th>Amount</th>\n",
              "      <th>Class</th>\n",
              "    </tr>\n",
              "  </thead>\n",
              "  <tbody>\n",
              "    <tr>\n",
              "      <th>0</th>\n",
              "      <td>0.0</td>\n",
              "      <td>-1.359807</td>\n",
              "      <td>-0.072781</td>\n",
              "      <td>2.536347</td>\n",
              "      <td>1.378155</td>\n",
              "      <td>-0.338321</td>\n",
              "      <td>0.462388</td>\n",
              "      <td>0.239599</td>\n",
              "      <td>0.098698</td>\n",
              "      <td>0.363787</td>\n",
              "      <td>...</td>\n",
              "      <td>-0.018307</td>\n",
              "      <td>0.277838</td>\n",
              "      <td>-0.110474</td>\n",
              "      <td>0.066928</td>\n",
              "      <td>0.128539</td>\n",
              "      <td>-0.189115</td>\n",
              "      <td>0.133558</td>\n",
              "      <td>-0.021053</td>\n",
              "      <td>149.62</td>\n",
              "      <td>0</td>\n",
              "    </tr>\n",
              "    <tr>\n",
              "      <th>1</th>\n",
              "      <td>0.0</td>\n",
              "      <td>1.191857</td>\n",
              "      <td>0.266151</td>\n",
              "      <td>0.166480</td>\n",
              "      <td>0.448154</td>\n",
              "      <td>0.060018</td>\n",
              "      <td>-0.082361</td>\n",
              "      <td>-0.078803</td>\n",
              "      <td>0.085102</td>\n",
              "      <td>-0.255425</td>\n",
              "      <td>...</td>\n",
              "      <td>-0.225775</td>\n",
              "      <td>-0.638672</td>\n",
              "      <td>0.101288</td>\n",
              "      <td>-0.339846</td>\n",
              "      <td>0.167170</td>\n",
              "      <td>0.125895</td>\n",
              "      <td>-0.008983</td>\n",
              "      <td>0.014724</td>\n",
              "      <td>2.69</td>\n",
              "      <td>0</td>\n",
              "    </tr>\n",
              "    <tr>\n",
              "      <th>2</th>\n",
              "      <td>1.0</td>\n",
              "      <td>-1.358354</td>\n",
              "      <td>-1.340163</td>\n",
              "      <td>1.773209</td>\n",
              "      <td>0.379780</td>\n",
              "      <td>-0.503198</td>\n",
              "      <td>1.800499</td>\n",
              "      <td>0.791461</td>\n",
              "      <td>0.247676</td>\n",
              "      <td>-1.514654</td>\n",
              "      <td>...</td>\n",
              "      <td>0.247998</td>\n",
              "      <td>0.771679</td>\n",
              "      <td>0.909412</td>\n",
              "      <td>-0.689281</td>\n",
              "      <td>-0.327642</td>\n",
              "      <td>-0.139097</td>\n",
              "      <td>-0.055353</td>\n",
              "      <td>-0.059752</td>\n",
              "      <td>378.66</td>\n",
              "      <td>0</td>\n",
              "    </tr>\n",
              "    <tr>\n",
              "      <th>3</th>\n",
              "      <td>1.0</td>\n",
              "      <td>-0.966272</td>\n",
              "      <td>-0.185226</td>\n",
              "      <td>1.792993</td>\n",
              "      <td>-0.863291</td>\n",
              "      <td>-0.010309</td>\n",
              "      <td>1.247203</td>\n",
              "      <td>0.237609</td>\n",
              "      <td>0.377436</td>\n",
              "      <td>-1.387024</td>\n",
              "      <td>...</td>\n",
              "      <td>-0.108300</td>\n",
              "      <td>0.005274</td>\n",
              "      <td>-0.190321</td>\n",
              "      <td>-1.175575</td>\n",
              "      <td>0.647376</td>\n",
              "      <td>-0.221929</td>\n",
              "      <td>0.062723</td>\n",
              "      <td>0.061458</td>\n",
              "      <td>123.50</td>\n",
              "      <td>0</td>\n",
              "    </tr>\n",
              "    <tr>\n",
              "      <th>4</th>\n",
              "      <td>2.0</td>\n",
              "      <td>-1.158233</td>\n",
              "      <td>0.877737</td>\n",
              "      <td>1.548718</td>\n",
              "      <td>0.403034</td>\n",
              "      <td>-0.407193</td>\n",
              "      <td>0.095921</td>\n",
              "      <td>0.592941</td>\n",
              "      <td>-0.270533</td>\n",
              "      <td>0.817739</td>\n",
              "      <td>...</td>\n",
              "      <td>-0.009431</td>\n",
              "      <td>0.798278</td>\n",
              "      <td>-0.137458</td>\n",
              "      <td>0.141267</td>\n",
              "      <td>-0.206010</td>\n",
              "      <td>0.502292</td>\n",
              "      <td>0.219422</td>\n",
              "      <td>0.215153</td>\n",
              "      <td>69.99</td>\n",
              "      <td>0</td>\n",
              "    </tr>\n",
              "  </tbody>\n",
              "</table>\n",
              "<p>5 rows × 31 columns</p>\n",
              "</div>\n",
              "    <div class=\"colab-df-buttons\">\n",
              "\n",
              "  <div class=\"colab-df-container\">\n",
              "    <button class=\"colab-df-convert\" onclick=\"convertToInteractive('df-51f58655-ab71-4e9c-9982-35a1bf9a7064')\"\n",
              "            title=\"Convert this dataframe to an interactive table.\"\n",
              "            style=\"display:none;\">\n",
              "\n",
              "  <svg xmlns=\"http://www.w3.org/2000/svg\" height=\"24px\" viewBox=\"0 -960 960 960\">\n",
              "    <path d=\"M120-120v-720h720v720H120Zm60-500h600v-160H180v160Zm220 220h160v-160H400v160Zm0 220h160v-160H400v160ZM180-400h160v-160H180v160Zm440 0h160v-160H620v160ZM180-180h160v-160H180v160Zm440 0h160v-160H620v160Z\"/>\n",
              "  </svg>\n",
              "    </button>\n",
              "\n",
              "  <style>\n",
              "    .colab-df-container {\n",
              "      display:flex;\n",
              "      gap: 12px;\n",
              "    }\n",
              "\n",
              "    .colab-df-convert {\n",
              "      background-color: #E8F0FE;\n",
              "      border: none;\n",
              "      border-radius: 50%;\n",
              "      cursor: pointer;\n",
              "      display: none;\n",
              "      fill: #1967D2;\n",
              "      height: 32px;\n",
              "      padding: 0 0 0 0;\n",
              "      width: 32px;\n",
              "    }\n",
              "\n",
              "    .colab-df-convert:hover {\n",
              "      background-color: #E2EBFA;\n",
              "      box-shadow: 0px 1px 2px rgba(60, 64, 67, 0.3), 0px 1px 3px 1px rgba(60, 64, 67, 0.15);\n",
              "      fill: #174EA6;\n",
              "    }\n",
              "\n",
              "    .colab-df-buttons div {\n",
              "      margin-bottom: 4px;\n",
              "    }\n",
              "\n",
              "    [theme=dark] .colab-df-convert {\n",
              "      background-color: #3B4455;\n",
              "      fill: #D2E3FC;\n",
              "    }\n",
              "\n",
              "    [theme=dark] .colab-df-convert:hover {\n",
              "      background-color: #434B5C;\n",
              "      box-shadow: 0px 1px 3px 1px rgba(0, 0, 0, 0.15);\n",
              "      filter: drop-shadow(0px 1px 2px rgba(0, 0, 0, 0.3));\n",
              "      fill: #FFFFFF;\n",
              "    }\n",
              "  </style>\n",
              "\n",
              "    <script>\n",
              "      const buttonEl =\n",
              "        document.querySelector('#df-51f58655-ab71-4e9c-9982-35a1bf9a7064 button.colab-df-convert');\n",
              "      buttonEl.style.display =\n",
              "        google.colab.kernel.accessAllowed ? 'block' : 'none';\n",
              "\n",
              "      async function convertToInteractive(key) {\n",
              "        const element = document.querySelector('#df-51f58655-ab71-4e9c-9982-35a1bf9a7064');\n",
              "        const dataTable =\n",
              "          await google.colab.kernel.invokeFunction('convertToInteractive',\n",
              "                                                    [key], {});\n",
              "        if (!dataTable) return;\n",
              "\n",
              "        const docLinkHtml = 'Like what you see? Visit the ' +\n",
              "          '<a target=\"_blank\" href=https://colab.research.google.com/notebooks/data_table.ipynb>data table notebook</a>'\n",
              "          + ' to learn more about interactive tables.';\n",
              "        element.innerHTML = '';\n",
              "        dataTable['output_type'] = 'display_data';\n",
              "        await google.colab.output.renderOutput(dataTable, element);\n",
              "        const docLink = document.createElement('div');\n",
              "        docLink.innerHTML = docLinkHtml;\n",
              "        element.appendChild(docLink);\n",
              "      }\n",
              "    </script>\n",
              "  </div>\n",
              "\n",
              "\n",
              "<div id=\"df-c630df0d-622a-415d-8398-0d90b5400acb\">\n",
              "  <button class=\"colab-df-quickchart\" onclick=\"quickchart('df-c630df0d-622a-415d-8398-0d90b5400acb')\"\n",
              "            title=\"Suggest charts\"\n",
              "            style=\"display:none;\">\n",
              "\n",
              "<svg xmlns=\"http://www.w3.org/2000/svg\" height=\"24px\"viewBox=\"0 0 24 24\"\n",
              "     width=\"24px\">\n",
              "    <g>\n",
              "        <path d=\"M19 3H5c-1.1 0-2 .9-2 2v14c0 1.1.9 2 2 2h14c1.1 0 2-.9 2-2V5c0-1.1-.9-2-2-2zM9 17H7v-7h2v7zm4 0h-2V7h2v10zm4 0h-2v-4h2v4z\"/>\n",
              "    </g>\n",
              "</svg>\n",
              "  </button>\n",
              "\n",
              "<style>\n",
              "  .colab-df-quickchart {\n",
              "      --bg-color: #E8F0FE;\n",
              "      --fill-color: #1967D2;\n",
              "      --hover-bg-color: #E2EBFA;\n",
              "      --hover-fill-color: #174EA6;\n",
              "      --disabled-fill-color: #AAA;\n",
              "      --disabled-bg-color: #DDD;\n",
              "  }\n",
              "\n",
              "  [theme=dark] .colab-df-quickchart {\n",
              "      --bg-color: #3B4455;\n",
              "      --fill-color: #D2E3FC;\n",
              "      --hover-bg-color: #434B5C;\n",
              "      --hover-fill-color: #FFFFFF;\n",
              "      --disabled-bg-color: #3B4455;\n",
              "      --disabled-fill-color: #666;\n",
              "  }\n",
              "\n",
              "  .colab-df-quickchart {\n",
              "    background-color: var(--bg-color);\n",
              "    border: none;\n",
              "    border-radius: 50%;\n",
              "    cursor: pointer;\n",
              "    display: none;\n",
              "    fill: var(--fill-color);\n",
              "    height: 32px;\n",
              "    padding: 0;\n",
              "    width: 32px;\n",
              "  }\n",
              "\n",
              "  .colab-df-quickchart:hover {\n",
              "    background-color: var(--hover-bg-color);\n",
              "    box-shadow: 0 1px 2px rgba(60, 64, 67, 0.3), 0 1px 3px 1px rgba(60, 64, 67, 0.15);\n",
              "    fill: var(--button-hover-fill-color);\n",
              "  }\n",
              "\n",
              "  .colab-df-quickchart-complete:disabled,\n",
              "  .colab-df-quickchart-complete:disabled:hover {\n",
              "    background-color: var(--disabled-bg-color);\n",
              "    fill: var(--disabled-fill-color);\n",
              "    box-shadow: none;\n",
              "  }\n",
              "\n",
              "  .colab-df-spinner {\n",
              "    border: 2px solid var(--fill-color);\n",
              "    border-color: transparent;\n",
              "    border-bottom-color: var(--fill-color);\n",
              "    animation:\n",
              "      spin 1s steps(1) infinite;\n",
              "  }\n",
              "\n",
              "  @keyframes spin {\n",
              "    0% {\n",
              "      border-color: transparent;\n",
              "      border-bottom-color: var(--fill-color);\n",
              "      border-left-color: var(--fill-color);\n",
              "    }\n",
              "    20% {\n",
              "      border-color: transparent;\n",
              "      border-left-color: var(--fill-color);\n",
              "      border-top-color: var(--fill-color);\n",
              "    }\n",
              "    30% {\n",
              "      border-color: transparent;\n",
              "      border-left-color: var(--fill-color);\n",
              "      border-top-color: var(--fill-color);\n",
              "      border-right-color: var(--fill-color);\n",
              "    }\n",
              "    40% {\n",
              "      border-color: transparent;\n",
              "      border-right-color: var(--fill-color);\n",
              "      border-top-color: var(--fill-color);\n",
              "    }\n",
              "    60% {\n",
              "      border-color: transparent;\n",
              "      border-right-color: var(--fill-color);\n",
              "    }\n",
              "    80% {\n",
              "      border-color: transparent;\n",
              "      border-right-color: var(--fill-color);\n",
              "      border-bottom-color: var(--fill-color);\n",
              "    }\n",
              "    90% {\n",
              "      border-color: transparent;\n",
              "      border-bottom-color: var(--fill-color);\n",
              "    }\n",
              "  }\n",
              "</style>\n",
              "\n",
              "  <script>\n",
              "    async function quickchart(key) {\n",
              "      const quickchartButtonEl =\n",
              "        document.querySelector('#' + key + ' button');\n",
              "      quickchartButtonEl.disabled = true;  // To prevent multiple clicks.\n",
              "      quickchartButtonEl.classList.add('colab-df-spinner');\n",
              "      try {\n",
              "        const charts = await google.colab.kernel.invokeFunction(\n",
              "            'suggestCharts', [key], {});\n",
              "      } catch (error) {\n",
              "        console.error('Error during call to suggestCharts:', error);\n",
              "      }\n",
              "      quickchartButtonEl.classList.remove('colab-df-spinner');\n",
              "      quickchartButtonEl.classList.add('colab-df-quickchart-complete');\n",
              "    }\n",
              "    (() => {\n",
              "      let quickchartButtonEl =\n",
              "        document.querySelector('#df-c630df0d-622a-415d-8398-0d90b5400acb button');\n",
              "      quickchartButtonEl.style.display =\n",
              "        google.colab.kernel.accessAllowed ? 'block' : 'none';\n",
              "    })();\n",
              "  </script>\n",
              "</div>\n",
              "\n",
              "    </div>\n",
              "  </div>\n"
            ],
            "application/vnd.google.colaboratory.intrinsic+json": {
              "type": "dataframe",
              "variable_name": "df"
            }
          },
          "metadata": {},
          "execution_count": 3
        }
      ]
    },
    {
      "cell_type": "markdown",
      "source": [
        "# Se miran los valores únicos de la variable respuesta y se separan con las características"
      ],
      "metadata": {
        "id": "pkRnc6d8FTAd"
      }
    },
    {
      "cell_type": "code",
      "source": [
        "df[\"Class\"].unique()"
      ],
      "metadata": {
        "id": "ZkjgewVooDXY",
        "colab": {
          "base_uri": "https://localhost:8080/"
        },
        "outputId": "f8d11dfd-dc9c-4642-c18d-f9f6986d1624"
      },
      "execution_count": 4,
      "outputs": [
        {
          "output_type": "execute_result",
          "data": {
            "text/plain": [
              "array([0, 1])"
            ]
          },
          "metadata": {},
          "execution_count": 4
        }
      ]
    },
    {
      "cell_type": "code",
      "source": [
        "Y = df['Class']\n",
        "x = df.drop('Class', axis=1)"
      ],
      "metadata": {
        "id": "sJIR8mGanmf2"
      },
      "execution_count": 5,
      "outputs": []
    },
    {
      "cell_type": "markdown",
      "source": [
        "# Se estandarizan las características"
      ],
      "metadata": {
        "id": "mpWaOm4yFdOC"
      }
    },
    {
      "cell_type": "code",
      "source": [
        "from sklearn.preprocessing import StandardScaler\n",
        "scaler = StandardScaler()\n",
        "X_std = scaler.fit_transform(x)\n",
        "\n"
      ],
      "metadata": {
        "id": "jims0awDptDI"
      },
      "execution_count": 6,
      "outputs": []
    },
    {
      "cell_type": "code",
      "source": [
        "df.info()"
      ],
      "metadata": {
        "id": "CbxWdQInnDb8",
        "colab": {
          "base_uri": "https://localhost:8080/"
        },
        "outputId": "62a981bd-d07d-4a67-eca0-4f2db5bf4ee4"
      },
      "execution_count": 7,
      "outputs": [
        {
          "output_type": "stream",
          "name": "stdout",
          "text": [
            "<class 'pandas.core.frame.DataFrame'>\n",
            "RangeIndex: 284807 entries, 0 to 284806\n",
            "Data columns (total 31 columns):\n",
            " #   Column  Non-Null Count   Dtype  \n",
            "---  ------  --------------   -----  \n",
            " 0   Time    284807 non-null  float64\n",
            " 1   V1      284807 non-null  float64\n",
            " 2   V2      284807 non-null  float64\n",
            " 3   V3      284807 non-null  float64\n",
            " 4   V4      284807 non-null  float64\n",
            " 5   V5      284807 non-null  float64\n",
            " 6   V6      284807 non-null  float64\n",
            " 7   V7      284807 non-null  float64\n",
            " 8   V8      284807 non-null  float64\n",
            " 9   V9      284807 non-null  float64\n",
            " 10  V10     284807 non-null  float64\n",
            " 11  V11     284807 non-null  float64\n",
            " 12  V12     284807 non-null  float64\n",
            " 13  V13     284807 non-null  float64\n",
            " 14  V14     284807 non-null  float64\n",
            " 15  V15     284807 non-null  float64\n",
            " 16  V16     284807 non-null  float64\n",
            " 17  V17     284807 non-null  float64\n",
            " 18  V18     284807 non-null  float64\n",
            " 19  V19     284807 non-null  float64\n",
            " 20  V20     284807 non-null  float64\n",
            " 21  V21     284807 non-null  float64\n",
            " 22  V22     284807 non-null  float64\n",
            " 23  V23     284807 non-null  float64\n",
            " 24  V24     284807 non-null  float64\n",
            " 25  V25     284807 non-null  float64\n",
            " 26  V26     284807 non-null  float64\n",
            " 27  V27     284807 non-null  float64\n",
            " 28  V28     284807 non-null  float64\n",
            " 29  Amount  284807 non-null  float64\n",
            " 30  Class   284807 non-null  int64  \n",
            "dtypes: float64(30), int64(1)\n",
            "memory usage: 67.4 MB\n"
          ]
        }
      ]
    },
    {
      "cell_type": "markdown",
      "source": [
        "#  Paso 1: Media de características por clase"
      ],
      "metadata": {
        "id": "Kzck6RR5KhH4"
      }
    },
    {
      "cell_type": "code",
      "source": [
        "np.set_printoptions(precision = 4)\n",
        "\n",
        "mean_vectors = []\n",
        "for cl in range(0,2):\n",
        "    mean_vectors.append(np.mean(X_std[Y==cl],axis=0))\n",
        "    print(\"Mean Vector class %s: %s\\n\" %(cl+1,mean_vectors[cl]))\n",
        "\n",
        "mv1 = np.max(np.abs(mean_vectors[0]))\n",
        "mv2 = np.max(np.abs(mean_vectors[1]))\n",
        "\n",
        "\n",
        "pos1 = np.argmax(mean_vectors[0])\n",
        "print(pos1)\n",
        "pos2 = np.argmax(mean_vectors[1])\n",
        "print(pos2)\n"
      ],
      "metadata": {
        "id": "LsrPXGWCmfq3",
        "colab": {
          "base_uri": "https://localhost:8080/"
        },
        "outputId": "ba97cda1-2719-4711-91bf-496ebce5e916"
      },
      "execution_count": 8,
      "outputs": [
        {
          "output_type": "stream",
          "name": "stdout",
          "text": [
            "Mean Vector class 1: [ 5.1261e-04  4.2159e-03 -3.7975e-03  8.0270e-03 -5.5513e-03  3.9508e-03\n",
            "  1.8155e-03  7.7897e-03 -8.2678e-04  4.0656e-03  9.0221e-03 -6.4427e-03\n",
            "  1.0840e-02  1.9010e-04  1.2586e-02  1.7569e-04  8.1758e-03  1.3581e-02\n",
            "  4.6377e-03 -1.4469e-03 -8.3574e-04 -1.6812e-03 -3.3500e-05  1.1170e-04\n",
            "  3.0038e-04 -1.3760e-04 -1.8534e-04 -7.3130e-04 -3.9669e-04 -2.3428e-04]\n",
            "\n",
            "Mean Vector class 2: [-0.2962 -2.4363  2.1945 -4.6386  3.208  -2.2831 -1.0491 -4.5015  0.4778\n",
            " -2.3494 -5.2137  3.7231 -6.2644 -0.1099 -7.2729 -0.1015 -4.7246 -7.8483\n",
            " -2.68    0.8362  0.483   0.9715  0.0194 -0.0645 -0.1736  0.0795  0.1071\n",
            "  0.4226  0.2292  0.1354]\n",
            "\n",
            "17\n",
            "11\n"
          ]
        }
      ]
    },
    {
      "cell_type": "markdown",
      "source": [
        "\n",
        "1. **Mean Vector class 1**:\n",
        "   - Cada valor en el vector corresponde a la media de la característica correspondiente en esa clase 1.\n",
        "   - Estos valores nos indican cómo se distribuyen las características en la primera clase.\n",
        "   - La caracteristica con mayor promedio con valor absoluto en la clase 1 es la caracteristica 17\n",
        "\n",
        "\n",
        "\n",
        "\n",
        "2. **Mean Vector class 2**:\n",
        "   - Estos valores nos indican cómo se distribuyen las características en la segunda clase 2.\n",
        "   - La caracteristica con mayor promedio con valor absoluto en la clase 1 es la caracteristica 11"
      ],
      "metadata": {
        "id": "Bju8nXAMGJdA"
      }
    },
    {
      "cell_type": "markdown",
      "source": [
        "#  Paso 2 : Matriz de Dispersión dentro de las clases `S_W`"
      ],
      "metadata": {
        "id": "kv5cATpzL-Q5"
      }
    },
    {
      "cell_type": "code",
      "source": [
        "S_W = np.zeros((30,30))\n",
        "for cl,mv in zip(range(0,2),mean_vectors):\n",
        "    #Matriz de dispersión general\n",
        "    #Llenando la Matriz con valores de 0 para inicializar\n",
        "    class_sc_mat = np.zeros((30,30))\n",
        "    #Para cada fila en nuestro conjunto de datos donde la clase corresponde a la iteración respectiva\n",
        "    for row in X_std[Y == cl]:\n",
        "        #Column Vectors\n",
        "        #Reshaping matrices from 1x4 to 4x1 for better manipulation\n",
        "        row,mv = row.reshape(30,1),mv.reshape(30,1)\n",
        "        #Applying equation and making the sum\n",
        "        class_sc_mat += (row-mv).dot((row-mv).T)\n",
        "    #Sum the Scatter Matrices\n",
        "    S_W += class_sc_mat\n",
        "print(S_W)"
      ],
      "metadata": {
        "id": "yxS0Y-I8o59R",
        "colab": {
          "base_uri": "https://localhost:8080/"
        },
        "outputId": "12fc61cd-4f9d-47bd-e3e8-3f3ae6727b9f"
      },
      "execution_count": 9,
      "outputs": [
        {
          "output_type": "stream",
          "name": "stdout",
          "text": [
            "[[ 2.8476e+05  3.3080e+04 -2.6967e+03 -1.2019e+05 -2.9511e+04  4.8959e+04\n",
            "  -1.8101e+04  2.3470e+04 -1.0454e+04 -2.8096e+03  7.9587e+03 -7.0000e+04\n",
            "   3.4501e+04 -1.8785e+04 -2.9188e+04 -5.2264e+04  2.7003e+03 -2.2021e+04\n",
            "   2.5366e+04  8.3744e+03 -1.4416e+04  1.2883e+04  4.1032e+04  1.4556e+04\n",
            "  -4.6341e+03 -6.6372e+04 -1.1777e+04 -1.4007e+03 -2.6473e+03 -2.9982e+03]\n",
            " [ 3.3080e+04  2.8188e+05  2.6350e+03 -5.5697e+03  3.8519e+03 -2.7414e+03\n",
            "  -1.2597e+03 -5.4051e+03  5.7368e+02 -2.8210e+03 -6.2602e+03  4.4704e+03\n",
            "  -7.5219e+03 -1.3190e+02 -8.7327e+03 -1.2191e+02 -5.6730e+03 -9.4237e+03\n",
            "  -3.2180e+03  1.0040e+03  5.7990e+02  1.1665e+03  2.3245e+01 -7.7505e+01\n",
            "  -2.0843e+02  9.5475e+01  1.2860e+02  5.0743e+02  2.7525e+02 -6.4690e+04]\n",
            " [-2.6967e+03  2.6350e+03  2.8243e+05  5.0169e+03 -3.4696e+03  2.4693e+03\n",
            "   1.1347e+03  4.8686e+03 -5.1675e+02  2.5410e+03  5.6389e+03 -4.0267e+03\n",
            "   6.7753e+03  1.1881e+02  7.8660e+03  1.0981e+02  5.1099e+03  8.4884e+03\n",
            "   2.8986e+03 -9.0435e+02 -5.2234e+02 -1.0507e+03 -2.0938e+01  6.9813e+01\n",
            "   1.8774e+02 -8.5999e+01 -1.1584e+02 -4.5707e+02 -2.4793e+02 -1.5150e+05]\n",
            " [-1.2019e+05 -5.5697e+03  5.0169e+03  2.7420e+05  7.3338e+03 -5.2195e+03\n",
            "  -2.3985e+03 -1.0291e+04  1.0923e+03 -5.3711e+03 -1.1919e+04  8.5114e+03\n",
            "  -1.4321e+04 -2.5114e+02 -1.6627e+04 -2.3210e+02 -1.0801e+04 -1.7942e+04\n",
            "  -6.1268e+03  1.9116e+03  1.1041e+03  2.2210e+03  4.4258e+01 -1.4757e+02\n",
            "  -3.9684e+02  1.8178e+02  2.4485e+02  9.6612e+02  5.2407e+02 -5.9751e+04]\n",
            " [-2.9511e+04  3.8519e+03 -3.4696e+03  7.3338e+03  2.7974e+05  3.6097e+03\n",
            "   1.6587e+03  7.1170e+03 -7.5539e+02  3.7145e+03  8.2430e+03 -5.8863e+03\n",
            "   9.9043e+03  1.7368e+02  1.1499e+04  1.6052e+02  7.4698e+03  1.2408e+04\n",
            "   4.2372e+03 -1.3220e+03 -7.6357e+02 -1.5360e+03 -3.0608e+01  1.0205e+02\n",
            "   2.7444e+02 -1.2572e+02 -1.6934e+02 -6.6815e+02 -3.6243e+02  2.7905e+04]\n",
            " [ 4.8959e+04 -2.7414e+03  2.4693e+03 -5.2195e+03  3.6097e+03  2.8224e+05\n",
            "  -1.1805e+03 -5.0652e+03  5.3761e+02 -2.6436e+03 -5.8665e+03  4.1893e+03\n",
            "  -7.0489e+03 -1.2361e+02 -8.1836e+03 -1.1424e+02 -5.3162e+03 -8.8311e+03\n",
            "  -3.0156e+03  9.4086e+02  5.4343e+02  1.0932e+03  2.1783e+01 -7.2632e+01\n",
            "  -1.9532e+02  8.9471e+01  1.2052e+02  4.7552e+02  2.5794e+02 -1.0988e+05]\n",
            " [-1.8101e+04 -1.2597e+03  1.1347e+03 -2.3985e+03  1.6587e+03 -1.1805e+03\n",
            "   2.8426e+05 -2.3276e+03  2.4705e+02 -1.2148e+03 -2.6958e+03  1.9251e+03\n",
            "  -3.2391e+03 -5.6802e+01 -3.7606e+03 -5.2496e+01 -2.4430e+03 -4.0581e+03\n",
            "  -1.3857e+03  4.3235e+02  2.4972e+02  5.0233e+02  1.0010e+01 -3.3376e+01\n",
            "  -8.9755e+01  4.1114e+01  5.5380e+01  2.1851e+02  1.1853e+02  6.1583e+04]\n",
            " [ 2.3470e+04 -5.4051e+03  4.8686e+03 -1.0291e+04  7.1170e+03 -5.0652e+03\n",
            "  -2.3276e+03  2.7482e+05  1.0600e+03 -5.2123e+03 -1.1567e+04  8.2598e+03\n",
            "  -1.3898e+04 -2.4372e+02 -1.6135e+04 -2.2524e+02 -1.0482e+04 -1.7412e+04\n",
            "  -5.9457e+03  1.8550e+03  1.0715e+03  2.1553e+03  4.2949e+01 -1.4320e+02\n",
            "  -3.8511e+02  1.7641e+02  2.3762e+02  9.3756e+02  5.0858e+02  1.1346e+05]\n",
            " [-1.0454e+04  5.7368e+02 -5.1675e+02  1.0923e+03 -7.5539e+02  5.3761e+02\n",
            "   2.4705e+02  1.0600e+03  2.8469e+05  5.5322e+02  1.2277e+03 -8.7669e+02\n",
            "   1.4751e+03  2.5868e+01  1.7126e+03  2.3907e+01  1.1125e+03  1.8481e+03\n",
            "   6.3107e+02 -1.9689e+02 -1.1372e+02 -2.2876e+02 -4.5586e+00  1.5200e+01\n",
            "   4.0874e+01 -1.8724e+01 -2.5220e+01 -9.9511e+01 -5.3979e+01 -2.9390e+04]\n",
            " [-2.8096e+03 -2.8210e+03  2.5410e+03 -5.3711e+03  3.7145e+03 -2.6436e+03\n",
            "  -1.2148e+03 -5.2123e+03  5.5322e+02  2.8209e+05 -6.0369e+03  4.3110e+03\n",
            "  -7.2536e+03 -1.2720e+02 -8.4213e+03 -1.1756e+02 -5.4707e+03 -9.0876e+03\n",
            "  -3.1032e+03  9.6818e+02  5.5921e+02  1.1249e+03  2.2416e+01 -7.4741e+01\n",
            "  -2.0099e+02  9.2070e+01  1.2402e+02  4.8933e+02  2.6544e+02 -1.2445e+04]\n",
            " [ 7.9587e+03 -6.2602e+03  5.6389e+03 -1.1919e+04  8.2430e+03 -5.8665e+03\n",
            "  -2.6958e+03 -1.1567e+04  1.2277e+03 -6.0369e+03  2.7141e+05  9.5666e+03\n",
            "  -1.6097e+04 -2.8227e+02 -1.8688e+04 -2.6088e+02 -1.2140e+04 -2.0167e+04\n",
            "  -6.8864e+03  2.1485e+03  1.2410e+03  2.4963e+03  4.9744e+01 -1.6586e+02\n",
            "  -4.4603e+02  2.0432e+02  2.7521e+02  1.0859e+03  5.8904e+02 -2.8561e+04]\n",
            " [-7.0000e+04  4.4704e+03 -4.0267e+03  8.5114e+03 -5.8863e+03  4.1893e+03\n",
            "   1.9251e+03  8.2598e+03 -8.7669e+02  4.3110e+03  9.5666e+03  2.7798e+05\n",
            "   1.1495e+04  2.0157e+02  1.3345e+04  1.8629e+02  8.6693e+03  1.4401e+04\n",
            "   4.9176e+03 -1.5343e+03 -8.8618e+02 -1.7826e+03 -3.5522e+01  1.1844e+02\n",
            "   3.1851e+02 -1.4590e+02 -1.9653e+02 -7.7544e+02 -4.2063e+02 -2.1880e+02]\n",
            " [ 3.4501e+04 -7.5219e+03  6.7753e+03 -1.4321e+04  9.9043e+03 -7.0489e+03\n",
            "  -3.2391e+03 -1.3898e+04  1.4751e+03 -7.2536e+03 -1.6097e+04  1.1495e+04\n",
            "   2.6547e+05 -3.3916e+02 -2.2454e+04 -3.1346e+02 -1.4587e+04 -2.4231e+04\n",
            "  -8.2743e+03  2.5815e+03  1.4911e+03  2.9994e+03  5.9770e+01 -1.9929e+02\n",
            "  -5.3593e+02  2.4549e+02  3.3067e+02  1.3047e+03  7.0775e+02 -2.2996e+03]\n",
            " [-1.8785e+04 -1.3190e+02  1.1881e+02 -2.5114e+02  1.7368e+02 -1.2361e+02\n",
            "  -5.6802e+01 -2.4372e+02  2.5868e+01 -1.2720e+02 -2.8227e+02  2.0157e+02\n",
            "  -3.3916e+02  2.8480e+05 -3.9376e+02 -5.4968e+00 -2.5580e+02 -4.2492e+02\n",
            "  -1.4510e+02  4.5270e+01  2.6148e+01  5.2598e+01  1.0481e+00 -3.4947e+00\n",
            "  -9.3980e+00  4.3050e+00  5.7987e+00  2.2880e+01  1.2411e+01  1.5149e+03]\n",
            " [-2.9188e+04 -8.7327e+03  7.8660e+03 -1.6627e+04  1.1499e+04 -8.1836e+03\n",
            "  -3.7606e+03 -1.6135e+04  1.7126e+03 -8.4213e+03 -1.8688e+04  1.3345e+04\n",
            "  -2.2454e+04 -3.9376e+02  2.5874e+05 -3.6392e+02 -1.6935e+04 -2.8132e+04\n",
            "  -9.6063e+03  2.9971e+03  1.7311e+03  3.4823e+03  6.9391e+01 -2.3137e+02\n",
            "  -6.2220e+02  2.8501e+02  3.8391e+02  1.5148e+03  8.2169e+02  1.0098e+04]\n",
            " [-5.2264e+04 -1.2191e+02  1.0981e+02 -2.3210e+02  1.6052e+02 -1.1424e+02\n",
            "  -5.2496e+01 -2.2524e+02  2.3907e+01 -1.1756e+02 -2.6088e+02  1.8629e+02\n",
            "  -3.1346e+02 -5.4968e+00 -3.6392e+02  2.8480e+05 -2.3641e+02 -3.9271e+02\n",
            "  -1.3410e+02  4.1839e+01  2.4166e+01  4.8611e+01  9.6868e-01 -3.2299e+00\n",
            "  -8.6857e+00  3.9787e+00  5.3592e+00  2.1146e+01  1.1470e+01 -8.4362e+02]\n",
            " [ 2.7003e+03 -5.6730e+03  5.1099e+03 -1.0801e+04  7.4698e+03 -5.3162e+03\n",
            "  -2.4430e+03 -1.0482e+04  1.1125e+03 -5.4707e+03 -1.2140e+04  8.6693e+03\n",
            "  -1.4587e+04 -2.5580e+02 -1.6935e+04 -2.3641e+02  2.7381e+05 -1.8275e+04\n",
            "  -6.2405e+03  1.9470e+03  1.1246e+03  2.2622e+03  4.5078e+01 -1.5030e+02\n",
            "  -4.0420e+02  1.8515e+02  2.4939e+02  9.8404e+02  5.3379e+02 -7.9822e+02]\n",
            " [-2.2021e+04 -9.4237e+03  8.4884e+03 -1.7942e+04  1.2408e+04 -8.8311e+03\n",
            "  -4.0581e+03 -1.7412e+04  1.8481e+03 -9.0876e+03 -2.0167e+04  1.4401e+04\n",
            "  -2.4231e+04 -4.2492e+02 -2.8132e+04 -3.9271e+02 -1.8275e+04  2.5445e+05\n",
            "  -1.0366e+04  3.2343e+03  1.8681e+03  3.7578e+03  7.4882e+01 -2.4968e+02\n",
            "  -6.7143e+02  3.0756e+02  4.1428e+02  1.6346e+03  8.8670e+02  2.6053e+03]\n",
            " [ 2.5366e+04 -3.2180e+03  2.8986e+03 -6.1268e+03  4.2372e+03 -3.0156e+03\n",
            "  -1.3857e+03 -5.9457e+03  6.3107e+02 -3.1032e+03 -6.8864e+03  4.9176e+03\n",
            "  -8.2743e+03 -1.4510e+02 -9.6063e+03 -1.3410e+02 -6.2405e+03 -1.0366e+04\n",
            "   2.8127e+05  1.1044e+03  6.3790e+02  1.2832e+03  2.5570e+01 -8.5258e+01\n",
            "  -2.2928e+02  1.0503e+02  1.4147e+02  5.5819e+02  3.0279e+02  1.0332e+04]\n",
            " [ 8.3744e+03  1.0040e+03 -9.0435e+02  1.9116e+03 -1.3220e+03  9.4086e+02\n",
            "   4.3235e+02  1.8550e+03 -1.9689e+02  9.6818e+02  2.1485e+03 -1.5343e+03\n",
            "   2.5815e+03  4.5270e+01  2.9971e+03  4.1839e+01  1.9470e+03  3.2343e+03\n",
            "   1.1044e+03  2.8446e+05 -1.9902e+02 -4.0035e+02 -7.9778e+00  2.6600e+01\n",
